{
 "cells": [
  {
   "cell_type": "code",
   "execution_count": 2,
   "metadata": {},
   "outputs": [],
   "source": [
    "import pandas as pd\n",
    "import numpy as np\n",
    "import matplotlib.pyplot as plt\n",
    "import seaborn as sns\n",
    "%matplotlib inline"
   ]
  },
  {
   "cell_type": "code",
   "execution_count": 17,
   "metadata": {},
   "outputs": [],
   "source": [
    "df = pd.read_csv('https://stepik.org/media/attachments/course/4852/genome_matrix.csv', index_col=0)"
   ]
  },
  {
   "cell_type": "code",
   "execution_count": 18,
   "metadata": {},
   "outputs": [
    {
     "data": {
      "text/html": [
       "<div>\n",
       "<style scoped>\n",
       "    .dataframe tbody tr th:only-of-type {\n",
       "        vertical-align: middle;\n",
       "    }\n",
       "\n",
       "    .dataframe tbody tr th {\n",
       "        vertical-align: top;\n",
       "    }\n",
       "\n",
       "    .dataframe thead th {\n",
       "        text-align: right;\n",
       "    }\n",
       "</style>\n",
       "<table border=\"1\" class=\"dataframe\">\n",
       "  <thead>\n",
       "    <tr style=\"text-align: right;\">\n",
       "      <th></th>\n",
       "      <th>species0</th>\n",
       "      <th>species1</th>\n",
       "      <th>species2</th>\n",
       "      <th>species3</th>\n",
       "      <th>species4</th>\n",
       "    </tr>\n",
       "  </thead>\n",
       "  <tbody>\n",
       "    <tr>\n",
       "      <th>species0</th>\n",
       "      <td>0.536029</td>\n",
       "      <td>0.920292</td>\n",
       "      <td>0.679708</td>\n",
       "      <td>0.840606</td>\n",
       "      <td>0.430842</td>\n",
       "    </tr>\n",
       "    <tr>\n",
       "      <th>species1</th>\n",
       "      <td>0.920292</td>\n",
       "      <td>0.862417</td>\n",
       "      <td>0.887593</td>\n",
       "      <td>0.769754</td>\n",
       "      <td>0.203214</td>\n",
       "    </tr>\n",
       "    <tr>\n",
       "      <th>species2</th>\n",
       "      <td>0.679708</td>\n",
       "      <td>0.887593</td>\n",
       "      <td>0.595156</td>\n",
       "      <td>0.003435</td>\n",
       "      <td>0.096052</td>\n",
       "    </tr>\n",
       "    <tr>\n",
       "      <th>species3</th>\n",
       "      <td>0.840606</td>\n",
       "      <td>0.769754</td>\n",
       "      <td>0.003435</td>\n",
       "      <td>0.458870</td>\n",
       "      <td>0.029251</td>\n",
       "    </tr>\n",
       "    <tr>\n",
       "      <th>species4</th>\n",
       "      <td>0.430842</td>\n",
       "      <td>0.203214</td>\n",
       "      <td>0.096052</td>\n",
       "      <td>0.029251</td>\n",
       "      <td>0.642109</td>\n",
       "    </tr>\n",
       "  </tbody>\n",
       "</table>\n",
       "</div>"
      ],
      "text/plain": [
       "          species0  species1  species2  species3  species4\n",
       "species0  0.536029  0.920292  0.679708  0.840606  0.430842\n",
       "species1  0.920292  0.862417  0.887593  0.769754  0.203214\n",
       "species2  0.679708  0.887593  0.595156  0.003435  0.096052\n",
       "species3  0.840606  0.769754  0.003435  0.458870  0.029251\n",
       "species4  0.430842  0.203214  0.096052  0.029251  0.642109"
      ]
     },
     "execution_count": 18,
     "metadata": {},
     "output_type": "execute_result"
    }
   ],
   "source": [
    "df"
   ]
  },
  {
   "cell_type": "code",
   "execution_count": null,
   "metadata": {},
   "outputs": [],
   "source": []
  }
 ],
 "metadata": {
  "kernelspec": {
   "display_name": "venv",
   "language": "python",
   "name": "python3"
  },
  "language_info": {
   "codemirror_mode": {
    "name": "ipython",
    "version": 3
   },
   "file_extension": ".py",
   "mimetype": "text/x-python",
   "name": "python",
   "nbconvert_exporter": "python",
   "pygments_lexer": "ipython3",
   "version": "3.10.6"
  },
  "orig_nbformat": 4
 },
 "nbformat": 4,
 "nbformat_minor": 2
}
